    0.4726
   -7.7771
  -15.6483
  -10.4583
  -19.7278
  -11.6896
  -17.0066
  -16.6687
  -13.6628
   -9.0851
   -6.1733
  -11.3122
   -6.0622
   -5.7132
   -2.7285
    0.5382
   -6.5559
  -11.6656
  -11.0042
   -0.3368
   -2.9090
   -5.1497
   -4.2983
   -5.3642
   -6.7417
   -5.5271
   -5.6628
    0.0101
   -3.8580
   -4.6056
   -1.2802
   -2.6333
   -6.4434
   -0.7069
    3.9177
   -5.0562
    0.7771
   10.1767
    6.3278
    3.6799
    9.3163
    7.8660
    4.7125
    6.2184
    4.0361
    3.3448
    9.5000
    9.4819
    7.2007
    3.5726
    7.1507
    7.6656
    8.3684
   11.8858
    8.1149
    4.4406
    6.9215
    5.8090
    5.9521
    7.4701
   11.8337
   12.4427
   15.4639
   14.2816
   13.1403
   16.6854
   14.6719
   19.3024
   20.2556
   11.8927
    9.4500
    8.7003
    8.3552
    9.9924
   22.6403
   17.8576
   11.2424
   11.8826
   12.9750
    9.3354
   13.1073
   18.1698
   14.7875
   19.0250
   22.2073
   21.2215
   20.3253
   17.8524
   19.1052
   17.5826
   16.6622
   13.8479
   16.0069
   18.1031
   17.9750
   15.6774
   16.1396
   17.5875
   21.6896
   24.1028
   24.0101
   25.7194
   24.6205
   21.3705
   19.8719
   23.6649
   27.0580
   26.7267
   19.0420
   20.9750
   22.7101
   23.5823
   19.4406
   24.3194
   23.5924
   25.4250
   24.1903
   25.1500
   24.4281
   21.8396
   22.5524
   25.0851
   21.7424
   21.6573
   22.8979
   20.0875
   18.3097
   17.7319
   20.6910
   21.4142
   23.0983
   20.6073
   19.8542
   20.3267
   22.3347
   22.9979
   18.6236
   23.7240
   22.8549
   24.2931
   24.6660
   21.1236
   20.3875
   20.9785
   21.9139
   24.3649
   25.5573
   22.7035
   21.3063
   22.5476
   23.2313
   15.9608
   13.5694
   12.8507
   15.8316
   15.0608
   16.4247
   17.8247
   20.9382
   22.4569
   21.1226
   16.4278
   14.8094
   14.3351
   15.8528
   19.8701
   10.4149
   12.4378
   13.0920
   12.5278
   12.2976
   13.8993
   11.7080
    7.9656
    7.2750
   13.6017
    8.7653
    8.5122
    7.8299
   11.1076
    2.0521
    6.0503
    8.8049
    5.2073
    9.8628
    4.8524
    2.1979
    6.7924
    9.7278
   13.8469
    6.4601
    3.7069
    7.1628
   11.3799
    9.9653
    7.4403
    4.8642
    1.9531
   -1.7181
    2.0108
   -3.8649
   -3.7153
    4.0177
   -0.5347
   -4.3608
    0.0302
    0.8149
   -0.0521
    1.9247
   -9.7927
   -8.3670
   -6.7399
   -6.2493
   -0.9844
   -4.4372
   -6.6205
  -10.4299
   -8.8309
   -0.4878
   -8.3427
   -4.5444
   -9.0333
   -9.9757
   -9.0271
   -7.8618
  -12.9896
  -17.8087
  -13.3962
   -5.5323
   -1.8260
   -5.3017
   -7.1788
  -16.0583